%YAML:1.0
cameraMatrix: !!opencv-matrix
   rows: 3
   cols: 3
   dt: d
   data: [ 1.6282922440657717e+03, 0., 1.8981261183657080e+03, 0.,
       1.6303094516510598e+03, 1.0813926356973197e+03, 0., 0., 1. ]
distCoeffs: !!opencv-matrix
   rows: 1
   cols: 14
   dt: d
   data: [ 2.9433835136379194e+01, -1.0255297211700963e+01,
       2.9502673880679123e-04, 1.2527950706488341e-03,
       -2.4362293186578881e+00, 3.0033682118318513e+01,
       -2.9511144316825233e-01, -7.6086766718945542e+00, 0., 0., 0., 0.,
       0., 0. ]
Scale: 1
ProjectionScale: 1.65
fx: 1.6282922440657717e+03
fy: 1.6303094516510598e+03
cx: 3.2981261183657080e+03
cy: 1.7813926356973197e+03
